[4_admin_tools_v2]
SAMP++=1535770624
Public_InPutDimByCLEO=1535780695
Public_OUTPUT_DimByCLEO=1535788995
f_OUT_1=7.76871e+016
f_OUT_2=7.77736e+016
f_OUT_3=7.78449e+016
f_OUT_4=0
f_OUT_5=0
f_OUT_6=0
f_OUT_7=0
f_OUT_8=0
f_OUT_9=0
f_OUT_10=0
f_OUT_11=403
f_OUT_12=411
f_OUT_13=4.90454e-044
f_OUT_14=2147.16
f_OUT_15=1555.98
f_OUT_16=10.4916
f_OUT_17=223.295
f_OUT_18=0
f_OUT_19=126
f_OUT_20=127
f_OUT_21=1.83756e-032
f_OUT_22=-1.#QNAN
f_OUT_23=0
f_OUT_24=0
f_OUT_25=7.54179e-042
f_OUT_26=2.51253e-042
f_OUT_27=0
f_OUT_28=0
f_OUT_29=0
f_OUT_30=0
i_OUT_1=1535770624
i_OUT_2=1535780695
i_OUT_3=1535788995
i_OUT_4=0
i_OUT_5=0
i_OUT_6=0
i_OUT_7=0
i_OUT_8=0
i_OUT_9=0
i_OUT_10=0
i_OUT_11=1137278976
i_OUT_12=1137541120
i_OUT_13=35
i_OUT_14=1158034070
i_OUT_15=1153597309
i_OUT_16=1093131641
i_OUT_17=1130318748
i_OUT_18=0
i_OUT_19=1123811328
i_OUT_20=1123942400
i_OUT_21=180277960
i_OUT_22=-1
i_OUT_23=0
i_OUT_24=0
i_OUT_25=5382
i_OUT_26=1793
i_OUT_27=0
i_OUT_28=0
i_OUT_29=0
i_OUT_30=0
